   1.0000000000000000        143.61701420331747       -69.389907760456978        3.5274129372807437     
   5.9900000000000002       -124.10397154828161       -39.626991551440902        2.4741048298505901     
   10.980000000000000       -267.49799581281468       -19.212337047253214        1.6510446707799096     
   15.970000000000001       -327.89600608953833       -6.0277311029408951        1.0215757679334994     
   20.960000000000001       -336.69301930991560        1.7049021569886587       0.55207835060206056     
   25.950000000000003       -317.49114321628213        5.4342355548665084       0.21513931430534544     
   30.940000000000001       -287.11667344569787        6.3550626295595256       -1.4520659089994987E-002
   35.930000000000000       -257.12088610455021        5.4286558839280472      -0.15854210749644546     
   40.920000000000002       -234.74119744021073        3.4123771028257357      -0.23572475736226373     
   45.910000000000004       -223.89490878246352       0.89127712147220040      -0.26215688002530030     
   50.900000000000006       -225.94832707186788       -1.6972806665785702      -0.25153581984876910     
   55.890000000000001       -240.42298174500093       -4.0438991716714918      -0.21531383532057219     
   60.880000000000003       -265.55169262005575       -5.9415332914218695      -0.16300613505859460     
   65.870000000000005       -298.77048204224184       -7.2698007047279578      -0.10233446570539689     
   70.859999999999999       -337.07042259783111       -7.9771326463983874       -3.9489332761135490E-002
   75.850000000000009       -377.35059113441594       -8.0667430979433981        2.0765684121514437E-002
   80.840000000000003       -416.62106157771404       -7.5832780711121135        7.4864577942399091E-002
   85.829999999999998       -452.20098286624625       -6.6013390613339373       0.12030984409752712     
   90.820000000000007       -481.83129448108002       -5.2160455851522416       0.15550991384911611     
   95.810000000000002       -503.76345300501771       -3.5342261647888726       0.17965226725410591     
   100.80000000000001       -516.79553870218433       -1.6675779129660109       0.19257248474934147     
   105.79000000000001       -520.28267500004358       0.27335330614773135       0.19463995502754730     
   110.78000000000000       -514.11844199385587        2.1839409814942434       0.18665129483989421     
   115.77000000000001       -498.69610627725115        3.9691916551818869       0.16973474764347807     
   120.76000000000001       -474.85228157289885        5.5466908668635719       0.14526198974742877     
   125.75000000000000       -443.79943275901815        6.8485880403763515       0.11477037003189147     
   130.74000000000001       -407.04916242805984        7.8229113058200328        7.9892392590696928E-002
   135.73000000000002       -366.33155550413858        8.4341937133221556        4.2294235329858820E-002
   140.72000000000000       -323.51211793478205        8.6635363338582039        3.6213037900444823E-003
   145.71000000000001       -280.51021862419066        8.5081611450693444       -3.4548303114348665E-002
   150.70000000000002       -239.22061593946046        7.9805359027420311       -7.0743505016453712E-002
   155.69000000000000       -201.44030273409362        7.1071356618687762      -0.10363321582102704     
   160.68000000000001       -168.80235454293643        5.9269080481742025      -0.13205291442594627     
   165.67000000000002       -142.71801767846546        4.4895035563414032      -0.15502523106103527     
   170.66000000000000       -124.32810083007416        2.8533287292822904      -0.17177487196781441     
   175.65000000000001       -114.46439913287531        1.0834768323181356      -0.18173824079548231     
   180.64000000000001       -113.62164864959550      -0.75041171243519367      -0.18456809803382057     
   185.63000000000000       -121.94023519543907       -2.5763127858663646      -0.18013361368610906     
   190.62000000000000       -139.19965975436708       -4.3219606430050037      -0.16851616601801203     
   195.61000000000001       -164.82255842825316       -5.9169284379835227      -0.15000123228582257     
   200.60000000000002       -197.88887036480946       -7.2946097309747264      -0.12506672502116423     
   205.59000000000000       -237.15957571219906       -8.3940672948012214       -9.4368123339333143E-002
   210.58000000000001       -281.10926602744939       -9.1617190429957365       -5.8720748466464245E-002
   215.57000000000002       -327.96666258103642       -9.5528342451401453       -1.9079536560794433E-002
   220.56000000000000       -375.76207945000306       -9.5328168417856531        2.3483342848982455E-002
   225.55000000000001       -422.38071787785475       -9.0782561092826377        6.7802672042482623E-002
   230.54000000000002       -465.62058733225740       -8.1777284102892303       0.11264582233610709     
   235.53000000000000       -503.25377993621942       -6.8323372933293545       0.15673949428890541     
   240.52000000000001       -533.08976666532635       -5.0559826846280709       0.19879720949175800     
   245.51000000000002       -553.03934856241085       -2.8753534100035045       0.23754720407113653     
   250.50000000000000       -561.17787468958863      -0.32964080340511681       0.27176037306702994     
   255.49000000000001       -555.80633706028880        2.5300253840315889       0.30027791550254135     
   260.48000000000002       -535.50896698583574        5.6414139869906554       0.32203832952450256     
   265.47000000000003       -499.20599031030315        8.9322941900279638       0.33610340738150796     
   270.46000000000004       -446.20024736909863        12.321790238852426       0.34168287918653273     
   275.44999999999999       -376.21645479514109        15.721973880371969       0.33815735678356407     
   280.44000000000000       -289.43196197444513        19.039675911851152       0.32509922350227549     
   285.43000000000001       -186.49797257086675        22.178494406280333       0.30229112533560315     
   290.42000000000002       -68.550300778298606        25.040974136956297       0.26974170580679091     
   295.41000000000003        62.791109483029231        27.530927802201191       0.22769824123663229     
   300.40000000000003        205.43453924170763        29.555866386991866       0.17665581954028839     
   305.38999999999999        356.84117094685871        31.029502442217289       0.11736271754426755     
   310.38000000000000        514.06235949990742        31.874286606847022        5.0821622125803781E-002
   315.37000000000000        673.78954659346573        32.023934346647906       -2.1713647741234823E-002
   320.36000000000001        832.41667832751637        31.425895540006376       -9.8746286997088484E-002
   325.35000000000002        986.11468177216966        30.043717053470054      -0.17854984252825645     
   330.34000000000003        1130.9173697300671        27.859246447438114      -0.25918711269842215     
   335.33000000000004        1262.8178054111581        24.874614475181460      -0.33853495500061265     
   340.31999999999999        1377.8739175219330        21.113943777482923      -0.41431535158550048     
   345.31000000000000        1472.3217583077590        16.624707684433972      -0.48413306289914737     
   350.30000000000001        1542.6946742794048        11.478690586417303      -0.54552030210340663     
   355.29000000000002        1585.9459030368112        5.7724504680727069      -0.59598861790332847     
   360.28000000000003        1599.5722355751300      -0.37275794502063420      -0.63308846543618125     
   365.27000000000004        1581.7360415029202       -6.8117083554944386      -0.65447709006377874     
   370.25999999999999        1531.3806067484643       -13.376634012547202      -0.65799358391047880     
   375.25000000000000        1448.3395624482459       -19.879474400488153      -0.64174555908609310     
   380.24000000000001        1333.4276844246583       -26.114979807757216      -0.60419999553822312     
   385.23000000000002        1188.5193731984859       -31.864838232459597      -0.54428881371177695     
   390.22000000000003        1016.6004612259953       -36.902860814808747      -0.46152094270123067     
   395.21000000000004        821.79199386100890       -41.001367544719407      -0.35610533327416466     
   400.20000000000005        609.33910010526097       -43.938771800865283      -0.22908390064189671     
   405.19000000000000        385.55957195300516       -45.508549885702003       -8.2476675395724508E-002
   410.18000000000001        157.74167100058776       -45.530107799368700        8.0562136080217284E-002
   415.17000000000002       -66.014185086145062       -43.860437525583251       0.25557970989709805     
   420.16000000000003       -277.01533443156723       -40.408344023044712       0.43664196584593701     
   425.15000000000003       -466.28709467968065       -35.150157271532073       0.61615913619351637     
   430.14000000000004       -624.89965871246159       -28.146454070104088       0.78461830712799940     
   435.13000000000000       -744.54848610949330       -19.563765398614560       0.93050173055840468     
   440.12000000000000       -818.02463501798547       -9.6942268563658409        1.0399306355918576     
   445.11000000000001       -839.89277227585762        1.0165056684013190        1.0963477768528946     
   450.10000000000002       -807.48051385362260        11.948751595982257        1.0806002563393953     
   455.09000000000003       -721.64327723756060        22.268970080085062       0.97024406581236655     
   460.08000000000004       -587.97495753215253        30.919727923080700       0.73966153813687208     
   465.06999999999999       -418.03128175008669        36.548644421488987       0.35920390469591656     
   470.06000000000000       -231.01435803426057        37.485541245468433      -0.20444476454692048     
   475.05000000000001       -55.289616154409941        31.722754440002529      -0.98842720526529526     
   480.04000000000002        70.646785047002140        16.865997193873518       -2.0376354285052534     
   485.03000000000003        93.446932638626549       -9.9674066899375173       -3.3964509604591480     
   490.02000000000004       -54.358391280654814       -52.137758933457455       -5.1194270355096743     
   495.01000000000005       -458.36591879268735       -113.35571133858927       -7.2544158627411690     
   500.00000000000000       -1223.0034752477854       -198.01098718298323       -9.8653088848370345     
